2657
3260
3275
2567
671
3935
3183
3592
652
3907
2852
138
1594
4859
3536
2473
4535
2739
514
122
3971
3629
3046
2766
1131
1933
1005
2434
4370
841
353
2990
1999
4480
3852
4091
2943
1303
2524
224
4654
841
3886
3564
1630
1974
1848
1989
1037
982
1198
3995
4281
360
4300
1715
2910
4229
3338
4484
2617
4005
2387
2997
2190
2945
2058
1448
828
3657
4959
710
2493
3770
3498
3279
740
2094
1165
225
3921
3151
3030
5
2568
2853
964
1022
3802
1120
2555
796
4391
2135
2356
3314
1006
4730
2421
1717
2807
2657
1260
3414
2918
1061
3244
1664
993
786
2230
2126
3658
3349
76
1523
4589
3563
351
3546
474
4213
1353
3558
2173
1811
4554
2842
3376
4103
3974
4144
881
2995
341
3066
2243
3379
792
2494
103
1488
3416
748
1645
4060
1390
1496
692
1833
485
836
2448
2275
2557
3676
3421
1320
2559
1061
3312
2611
4336
1905
588
4133
2742
1059
2818
3169
1674
416
4414
2524
1190
3428
175
4209
3880
2752
3550
131
3422
922
3398
2866
990
1920
2995
2501
714
3282
29
3487
4300
4948
589
1265
3654
4852
3200
3091
4443
4076
3714
1711
908
862
2379
2051
151
1070
1535
1886
3397
1664
4168
700
4363
212
873
1981
585
4822
3764
2283
374
2209
4535
2353
2597
346
3160
2162
164
3599
2498
1343
4991
4944
1374
540
4812
3598
2713
118
3435
4270
218
1508
1833
123
4019
4227
85
1321
4612
4411
3093
3979
4275
4332
3639
2750
4952
4719
2171
1054
497
341
646
337
4002
3975
633
3453
3992
3874
4981
3677
334
1948
220
3567
3867
4284
1329
3817
2427
738
2674
4118
1693
360
4035
733
1357
3832
1169
1327
1135
2473
3829
3255
2905
2728
408
59
4500
2731
1762
3993
4868
4626
2351
1503
1131
2857
3324
1292
2539
1851
3350
2062
1045
751
150
1588
1759
1770
3766
3796
3056
1427
2926
1460
4409
1737
3578
3484
3096
1702
4095
3472
629
2878
4604
4905
1296
1263
4203
4989
3473
895
3723
3024
3333
2085
4240
115
3107
272
1253
3110
3401
1875
3423
376
2933
4096
286
2235
1611
608
3129
2823
339
4919
3736
1998
1921
184
4765
4197
3808
982
3026
631
3582
1947
3579
2231
1779
594
1984
2047
869
3276
1978
2393
4229
33
1361
679
1572
2681
3267
3823
2285
3562
3663
4080
852
1696
4131
2667
4758
4721
2826
3298
2710
2654
3345
2845
4364
3525
1057
4843
2917
79
1240
1190
2609
2169
3986
698
1969
2468
152
825
3413
4095
136
4712
48
1461
2625
2497
2063
2485
1277
3184
3258
4553
1892
3149
4901
3860
2052
1733
4855
441
4629
180
3861
2938
1113
2482
2328
832
1459
1981
2568
3362
4902
2655
2058
3636
3162
4401
1127
4267
4207
1898
2322
3938
817
4947
4541
3279
1656
4553
4432
4420
3867
1763
2924
3068
517
3428
1354
4818
75
1342
1868
2394
3128
4914
4153
373
3209
2857
3576
2819
3051
477
2279
1226
3574
753
4377
744
2588
2146
169
3086
4912
1963
648
4596
4844
926
2445
2788
3760
420
58
1267
1448
3085
2238
2782
254
2120
2721
417
199
1164
3245
3366
3454
3067
4153
3025
3052
1380
1019
2768
161
4357
3830
816
2460
986
674
4824
3745
312
1736
3472
2610
2464
1268
3307
3532
2734
877
201
2339
4813
3429
662
727
351
1326
1079
1570
4509
1364
2857
4576
4140
1435
2506
2568
1822
4950
3982
4988
3426
2372
3223
128
1787
1700
2561
2660
1746
1327
2494
3364
1385
817
2930
1264
112
2291
3827
3845
724
4435
3585
325
2451
2432
2152
4711
4430
518
1202
2985
4420
1265
1529
1678
4709
2600
2783
273
4414
1468
382
1742
4312
408
4168
3765
3943
3857
4158
1965
795
3661
695
4319
507
2858
1924
2702
884
4358
2352
2174
859
3778
3589
907
2537
2101
3441
2702
1638
2569
4501
3277
3710
1621
2610
1692
172
3945
112
1122
3113
4387
2735
3087
3775
2030
591
3651
1042
4631
2280
4131
2919
4783
247
3371
2546
4583
3673
878
1849
4589
310
1471
3381
3346
1680
3024
1040
82
4618
367
2441
2913
4375
4288
2019
2781
4585
3798
2527
1433
832
2095
1812
1742
1742
2515
3945
4976
2603
2047
3114
2066
3397
2348
4855
3849
1312
774
4321
607
4252
4890
2368
1921
1779
752
1460
3471
3933
1651
3334
679
994
1682
4520
1448
3069
2077
3953
1602
2279
4120
1184
2063
4220
2689
1097
2174
3207
3643
2018
936
4688
2154
3308
2422
1307
2673
579
1508
567
1158
2647
1154
4618
1874
1505
1213
1021
1685
4121
1554
3926
4665
4136
68
2471
1677
583
1555
1500
702
1781
4723
2837
4596
3097
1698
2696
1938
1384
2498
1986
4507
1374
2785
4485
386
3506
4367
1772
3326
4327
3052
1447
2685
2612
4961
558
2907
3198
1551
3917
4670
1628
1535
3846
3792
3579
1599
4003
1678
1817
3831
1305
3590
3813
349
2212
3067
4415
222
3905
882
1362
2729
974
963
2562
592
2110
1338
4096
2837
326
4684
2277
4450
1778
1910
1071
4812
4273
4350
2411
865
1441
865
1455
1725
4538
3177
4475
1889
2506
3326
4755
2222
4362
3123
3541
1815
1192
4532
3129
1908
4016
407
3405
880
2047
1940
2359
4402
2197
4366
281
4338
3712
3451
3172
4500
1507
1266
1775
3687
1412
4953
3990
2312
1125
4050
437
4888
1278
1773
3761
4554
3989
45
598
4210
3313
4688
2543
4716
457
2009
798
3324
2820
1121
496
4893
4610
3007
4579
644
92
467
2034
4214
2737
4723
1563
2516
2934
4876
1878
4687
2491
3959
3229
1326
2102
952
887
4231
3974
2259
450
3493
4482
2710
1045
2059
4035
1250
4099
846
1720
1907
2855
1428
3564
118
64
111
3336
3789
4471
1190
601
4252
2146
3380
