5
29
33
45
48
58
59
64
68
75
76
79
82
85
92
103
111
112
112
115
118
118
122
123
128
131
136
138
150
151
152
161
164
169
172
175
180
184
199
201
212
218
220
222
224
225
247
254
272
273
281
286
310
312
325
326
334
337
339
341
341
346
349
351
351
353
360
360
367
373
374
376
382
386
407
408
408
416
417
420
437
441
450
457
467
474
477
485
496
497
507
514
517
518
540
558
567
579
583
585
588
589
591
592
594
598
601
607
608
629
631
633
644
646
648
652
662
671
674
679
679
692
695
698
700
702
710
714
724
727
733
738
740
744
748
751
752
753
774
786
792
795
796
798
816
817
817
825
828
832
832
836
841
841
846
852
859
862
865
865
869
873
877
878
880
881
882
884
887
895
907
908
922
926
936
952
963
964
974
982
982
986
990
993
994
1005
1006
1019
1021
1022
1037
1040
1042
1045
1045
1054
1057
1059
1061
1061
1070
1071
1079
1097
1113
1120
1121
1122
1125
1127
1131
1131
1135
1154
1158
1164
1165
1169
1184
1190
1190
1190
1192
1198
1202
1213
1226
1240
1250
1253
1260
1263
1264
1265
1265
1266
1267
1268
1277
1278
1292
1296
1303
1305
1307
1312
1320
1321
1326
1326
1327
1327
1329
1338
1342
1343
1353
1354
1357
1361
1362
1364
1374
1374
1380
1384
1385
1390
1412
1427
1428
1433
1435
1441
1447
1448
1448
1448
1455
1459
1460
1460
1461
1468
1471
1488
1496
1500
1503
1505
1507
1508
1508
1523
1529
1535
1535
1551
1554
1555
1563
1570
1572
1588
1594
1599
1602
1611
1621
1628
1630
1638
1645
1651
1656
1664
1664
1674
1677
1678
1678
1680
1682
1685
1692
1693
1696
1698
1700
1702
1711
1715
1717
1720
1725
1733
1736
1737
1742
1742
1742
1746
1759
1762
1763
1770
1772
1773
1775
1778
1779
1779
1781
1787
1811
1812
1815
1817
1822
1833
1833
1848
1849
1851
1868
1874
1875
1878
1886
1889
1892
1898
1905
1907
1908
1910
1920
1921
1921
1924
1933
1938
1940
1947
1948
1963
1965
1969
1974
1978
1981
1981
1984
1986
1989
1998
1999
2009
2018
2019
2030
2034
2047
2047
2047
2051
2052
2058
2058
2059
2062
2063
2063
2066
2077
2085
2094
2095
2101
2102
2110
2120
2126
2135
2146
2146
2152
2154
2162
2169
2171
2173
2174
2174
2190
2197
2209
2212
2222
2230
2231
2235
2238
2243
2259
2275
2277
2279
2279
2280
2283
2285
2291
2312
2322
2328
2339
2348
2351
2352
2353
2356
2359
2368
2372
2379
2387
2393
2394
2411
2421
2422
2427
2432
2434
2441
2445
2448
2451
2460
2464
2468
2471
2473
2473
2482
2485
2491
2493
2494
2494
2497
2498
2498
2501
2506
2506
2515
2516
2524
2524
2527
2537
2539
2543
2546
2555
2557
2559
2561
2562
2567
2568
2568
2568
2569
2588
2597
2600
2603
2609
2610
2610
2611
2612
2617
2625
2647
2654
2655
2657
2657
2660
2667
2673
2674
2681
2685
2689
2696
2702
2702
2710
2710
2713
2721
2728
2729
2731
2734
2735
2737
2739
2742
2750
2752
2766
2768
2781
2782
2783
2785
2788
2807
2818
2819
2820
2823
2826
2837
2837
2842
2845
2852
2853
2855
2857
2857
2857
2858
2866
2878
2905
2907
2910
2913
2917
2918
2919
2924
2926
2930
2933
2934
2938
2943
2945
2985
2990
2995
2995
2997
3007
3024
3024
3025
3026
3030
3046
3051
3052
3052
3056
3066
3067
3067
3068
3069
3085
3086
3087
3091
3093
3096
3097
3107
3110
3113
3114
3123
3128
3129
3129
3149
3151
3160
3162
3169
3172
3177
3183
3184
3198
3200
3207
3209
3223
3229
3244
3245
3255
3258
3260
3267
3275
3276
3277
3279
3279
3282
3298
3307
3308
3312
3313
3314
3324
3324
3326
3326
3333
3334
3336
3338
3345
3346
3349
3350
3362
3364
3366
3371
3376
3379
3380
3381
3397
3397
3398
3401
3405
3413
3414
3416
3421
3422
3423
3426
3428
3428
3429
3435
3441
3451
3453
3454
3471
3472
3472
3473
3484
3487
3493
3498
3506
3525
3532
3536
3541
3546
3550
3558
3562
3563
3564
3564
3567
3574
3576
3578
3579
3579
3582
3585
3589
3590
3592
3598
3599
3629
3636
3639
3643
3651
3654
3657
3658
3661
3663
3673
3676
3677
3687
3710
3712
3714
3723
3736
3745
3760
3761
3764
3765
3766
3770
3775
3778
3789
3792
3796
3798
3802
3808
3813
3817
3823
3827
3829
3830
3831
3832
3845
3846
3849
3852
3857
3860
3861
3867
3867
3874
3880
3886
3905
3907
3917
3921
3926
3933
3935
3938
3943
3945
3945
3953
3959
3971
3974
3974
3975
3979
3982
3986
3989
3990
3992
3993
3995
4002
4003
4005
4016
4019
4035
4035
4050
4060
4076
4080
4091
4095
4095
4096
4096
4099
4103
4118
4120
4121
4131
4131
4133
4136
4140
4144
4153
4153
4158
4168
4168
4197
4203
4207
4209
4210
4213
4214
4220
4227
4229
4229
4231
4240
4252
4252
4267
4270
4273
4275
4281
4284
4288
4300
4300
4312
4319
4321
4327
4332
4336
4338
4350
4357
4358
4362
4363
4364
4366
4367
4370
4375
4377
4387
4391
4401
4402
4409
4411
4414
4414
4415
4420
4420
4430
4432
4435
4443
4450
4471
4475
4480
4482
4484
4485
4500
4500
4501
4507
4509
4520
4532
4535
4535
4538
4541
4553
4553
4554
4554
4576
4579
4583
4585
4589
4589
4596
4596
4604
4610
4612
4618
4618
4626
4629
4631
4654
4665
4670
4684
4687
4688
4688
4709
4711
4712
4716
4719
4721
4723
4723
4730
4755
4758
4765
4783
4812
4812
4813
4818
4822
4824
4843
4844
4852
4855
4855
4859
4868
4876
4888
4890
4893
4901
4902
4905
4912
4914
4919
4944
4947
4948
4950
4952
4953
4959
4961
4976
4981
4988
4989
4991
